image: map.pgm
resolution: 0.030000
origin: [-99.990000, -99.990000, 0.000000]
negate: 0
occupied_thresh: 0.65
free_thresh: 0.196

